//-----------------------------------------------------------------------------------------------------
// Index: ItemIndex
// GroupId: Num index mesh model
// #RenderFlag: Negative use renderbody
//   -RENDER_COLOR             1
//   -RENDER_TEXTURE           2
//   -RENDER_CHROME            4
//   -RENDER_METAL             8
//   -RENDER_LIGHTMAP          16
//   -RENDER_SHADOWMAP         32
//   -RENDER_BRIGHT            64     
//   -RENDER_DARK              128
//   -RENDER_EXTRA             256
//   -RENDER_CHROME2           512
//   -RENDER_WAVE              1024
//   -RENDER_CHROME3           2048
//   -RENDER_CHROME4           4096
//   -RENDER_NODEPTH           8192
//   -RENDER_CHROME5           16384
//   -RENDER_OIL               32768
//   -RENDER_CHROME6           65536
//   -RENDER_CHROME7           131072
//   -RENDER_DOPPELGANGER      262144
//   -RENDER_CHROME8           524288
// #Texture: Image Index value default -1
// #Color: Active read value BodyLightColor RGB
// #BodyLightColor RGB: value float (0.0 ~ 1.0) calculate (0 ~ 255) / 255
// #Luminosity: value float (0.0 ~ 1.0) 
// #RenderType: render effect movement texture
//   -Default                  -1
//   -MovementX                0
//   -MovementY                1
//   -MovementX Negative       2
//   -MovementY Negative       3
//   -MovementFrameXY          4
//   -MovementFrameY           5
// #TimeEffect: Time movement effect render texture using calc Render22
// #TimeTexture: Time blend mesh light effect
//----------------------------------------------------------------------------------------------------------------------------------------
//#Index     #GroupId #RenderFlag #Texture #Color #BodyLightColor     #Luminosity  #RenderType #TimeEffect #TimeTexture #GlowLevel
//----------------------------------------------------------------------------------------------------------------------------------------
//-- absolute02_staff
5     49     0         2          -1       0      1.0   1.0   1.0     1.0          -1          -1.0        -1.0         1
5     49     1         2          -1       0      1.0   1.0   1.0     1.0          -1          -1.0        -1.0         1
5     49     2         2          -1       0      1.0   1.0   1.0     1.0          -1          -1.0        -1.0         1
5     49     3         66         -1       0      1.0   1.0   1.0     1.0          0           -1.0        -1.0         0
5     49     2         66         -1       0      1.0   1.0   1.0     1.0          -1          -1.0        -1.0         0
5     49     4         66         -1       1      1.0   0.9   0.7     1.0          0           -1.0        -1.0         0
5     49     0         70         -1       1      0.5   0.5   1.0     1.0          -1          -1.0        -1.0         0
5     49     5         66         -1       1      0.0   0.1   1.0     1.0          -1          -1.0        -1.0         0
//-- absolute_stick
5     50     0         2          -1       0      1.0   1.0   1.0     1.0          -1          -1.0        -1.0         1
5     50     1         2          -1       0      1.0   1.0   1.0     1.0          -1          -1.0        -1.0         1
5     50     4         2          -1       0      1.0   1.0   1.0     1.0          -1          -1.0        -1.0         1
5     50     5         2          -1       0      1.0   1.0   1.0     1.0          -1          -1.0        -1.0         1
5     50     4         576        33005    0      1.0   1.0   1.0     1.0          -1          -1.0        -1.0         1
5     50     0         66         -1       0      1.0   1.0   1.0     1.0          -1          -1.0        -1.0         1
5     50     3         66         -1       1      0.2   0.5   1.0     1.0          -1          -1.0        -1.0         1
5     50     2         66         -1       1      1.0   0.9   0.5     1.0          0           -1.0        -1.0         1
//--shiningtails
12    83     0         -2         -1       0      1.0   1.0   1.0     1.0          -1          -1.0        -1.0         0
12    83     0         66         -1       0      1.0   1.0   1.0     0.5          -1          -1.0        4.0          0
12    83     2         66         -1       0      1.0   1.0   1.0     0.5          -1          -1.0        4.0          0
12    83     3         66         -1       0      1.0   1.0   1.0     0.5          -1          -1.0        4.0          0
12    83     0         66         33017    0      1.0   1.0   1.0     1.0          -1          -1.0        4.0          0
12    83     1         66         33020    0      1.0   1.0   1.0     1.0          -1          -1.0        4.0          0
12    83     2         66         33018    0      1.0   1.0   1.0     1.0          -1          -1.0        4.0          0
12    83     3         66         33019    0      1.0   1.0   1.0     1.0          -1          -1.0        4.0          0
12    83     1         68         33012    1      0.8   0.9   0.75    1.0          -1          -1.0        -1.0         0
//-- rare_shiningtails
12    84     0         -2         -1       0      1.0   1.0   1.0     1.0          -1          -1.0        -1.0         0
12    84     1         66         -1       0      1.0   1.0   1.0     0.25         -1          -1.0        4.0          0
12    84     2         66         -1       0      1.0   1.0   1.0     0.25         -1          -1.0        4.0          0
12    84     3         66         -1       0      1.0   1.0   1.0     0.25         -1          -1.0        4.0          0
12    84     0         66         33016    0      1.0   1.0   1.0     1.0          -1          -1.0        4.0          0
12    84     1         66         33014    0      1.0   1.0   1.0     1.0          -1          -1.0        4.0          0
12    84     2         66         33013    0      1.0   1.0   1.0     1.0          -1          -1.0        4.0          0
12    84     3         66         33015    0      1.0   1.0   1.0     1.0          -1          -1.0        4.0          0
12    84     0         68         33012    1      1.0   0.7   0.55    1.0          -1          -1.0        -1.0         0
//-- Ghos Horse
12    471    3         2          -1       0      1.0   1.0   1.0     1.0          -1          -1.0        -1.0         0
12    471    0         2          -1       0      1.0   1.0   1.0     1.0          -1          -1.0        -1.0         0
12    471    1         2          -1       0      1.0   1.0   1.0     1.0          -1          -1.0        -1.0         0
12    471    4         66         -1       1      1.0   1.0   1.0     1.0          -1          -1.0        4.0          0
12    471    2         66         -1       1      0.5   0.5   0.5     1.0          -1          -1.0        4.0          0
12    471    2         68         33012    1      0.05  0.45  0.05    1.0          -1          -1.0        -1.0         0
12    471    3         68         33021    1      0.35  0.39  0.45    1.0          -1          -1.0        -1.0         0
12    471    0         68         33021    1      0.35  0.39  0.45    1.0          -1          -1.0        -1.0         0
12    471    5         66         -1       1      1.0   1.0   1.0     1.0          -1          -1.0        4.0          0
12    471    7         66         -1       1      1.0   1.0   1.0     1.0          -1          -1.0        4.0          0
12    471    6         66         -1       1      1.0   1.0   1.0     1.0          -1          -1.0        4.0          0
end